-0.0875039556597555
0.029300318335327407
0.04627850788615021
0.07087260912759351
0.05579311819773205
0.03871069846148575
0.0292854192360891
0.0324737924194772
-0.0061599394077744936
0.0682786329950862
0.023534855886786665
0.06430968092521709
0.058698945328391226
0.10811809137388419
0.10046789024422087
0.07384847881611614
0.09251885234068043
0.152623288829854
0.17163580749801424
0.08967659697198853
0.12473655401923411
0.1419431060145605
0.23694169673819396
0.21250533402140195
0.2433264537613863
0.254966626986199
0.3888894008512853
0.4014390801825078
0.4540941197671861
0.3276056705697093
0.3057078378071109
0.25834103017003995
0.286342984137929
0.3047203481794654
0.30480441348750337
0.33586040154107755
0.3315204200764424
0.35350411411821736
0.31870082978827147
0.3215022137830141
0.32902639752769636
0.38859591322650555
0.37414337380072754
0.35299412928497986
0.4081605584314958
0.5012625017659585
0.5718144123040115
0.5210870650709977
0.5009269086778023
0.5692584269808719
0.6029756735653516
0.6270949735178144
0.5730426078704091
0.6125397943449243
0.6215158134821142
0.5980963952581853
0.5275093771398529
0.5243815102928596
0.5340771411721468
0.5579601867854016
0.5790973919565338
0.586349781522541
0.6038395781960362
0.5466625934460504
0.5463077682401324
0.5271260299709177
0.5873270440163534
0.6352857934951517
0.6774271526269091
0.6206594517368803
0.6048806890287427
0.6550431268154596
0.7469598153322495
0.7473247027639546
0.69242982773303
0.6797859476735842
0.7471255374897897
0.8008575165117545
0.8123647374986521
0.7034651825262862
0.7033305227195714
0.6750122004236873
0.727028113468141
0.6996819705503676
0.7058827216547251
0.7177222889941482
0.7344887467424273
0.7420108553884776
0.7647809273426464
0.7198486187156288
0.7479875537722701
0.7412408961309987
0.7041571346040106
0.7159541401036503
0.7526152611353659
0.8857910343940777
0.8866628764357537
0.8834628187515353
0.8173985280139099
0.8403524680740738
0.808222373225595
0.7691633842609992
0.7644125202716291
0.8171423981388294
0.8713430431457678
0.8692781369542888
0.8719725842035259
0.9275609989363818
0.9867060938181061
0.9329281862071418
0.9069272189068694
0.8550394626751462
0.8956333979549118
0.8945062938617351
0.8778353691471429
0.8659352104898157
0.8973270318886852
0.9672700324040114
1.0174517759859842
0.9752830029152652
0.9586114735185838
0.9563584311630354
1.0199536908783664
1.0351371621331447
1.061195775080065
1.034739193962183
0.9916550301491366
0.942755288047616
0.934631206884187
0.9371074654286343
0.9688298980477302
0.9641761202678517
0.9363739155401151
0.9366538105483521
0.9866403962910121
0.9888087334977049
0.9548259030396933
0.926561865294473
0.9524865069415599
0.9525880409954594
0.9663733573046941
0.9839958990558978
1.0211744958631026
1.012088551740852
1.000814052980748
0.9845242065489077
1.014452744132293
1.0132509848699423
1.0565417914336388
0.9645617522225521
0.9916386486712235
0.911829082648505
0.9554726034437263
0.9204461295434553
0.9670751818553888
0.8795529398293468
0.8881557045094998
0.896146530016045
1.0172077628307346
1.0352280899993325
1.0612568542730791
1.051651023627733
1.018913522024586
0.9606026888534984
0.9064413164791999
0.9174478248731895
0.9569113642043184
0.9737486936877087
1.017680064059004
0.9832012963772768
1.0150308826859593
1.0132576925869217
1.0246042942248816
1.023344149504773
0.9383939998637593
0.9508323641685932
0.9940147257227111
1.0236043470967826
1.0321641154668193
1.0061262615015798
1.0619115747410985
0.9949686779610226
0.9904957389130843
0.9638729251437788
1.0148010251684425
1.007055101106812
0.9944233539198751
0.9777443965103894
0.9501135640600694
0.9461052565562452
0.9338376574048928
0.9278344749062942
0.931419529248774
0.9704462923703471
0.9785178296789999
0.9821268153460929
0.9398110288740221
0.8824637200868644
0.9031407848005459
0.9011467816770261
0.9507433082270706
0.9228542765023859
0.9524401044189735
1.0023036718052112
0.9307251808988856
0.8573980322533495
0.8339794537442465
0.9478041930568953
0.949713443457358
0.8528376523538208
0.7130326490270166
0.7675896365693511
0.8463065610623107
0.965789655663463
0.9570367418013195
0.8947144844834707
0.8315418152071091
0.8095896801804615
0.8010409320598407
0.7501967035064346
0.7208680991579505
0.7587818186845094
0.7476279515047289
0.8069815147631099
0.7924828774188555
0.8832428087663665
0.8445849554881658
0.8838495616807753
0.8484757305625403
0.8554912320318513
0.7709416145486768
0.7356902248578076
0.6495443793028988
0.6717867317769913
0.6488449751025805
0.6781955290076688
0.6704603564739688
0.683612361541853
0.6787365658036494
0.6689700529523309
0.7228032321076351
0.6576806982155742
0.6559144540370936
0.5662031635749258
0.632765623581895
0.6292914014654389
0.6534648029379754
0.5965138549592779
0.5973018180525173
0.6142920090556999
0.6366951517184098
0.5756257193393659
0.6373401489028878
0.69279646717148
