-0.18291366803225922
0.007147789493410878
-0.08674598844041814
0.16749915395298948
0.058082358145879295
-0.012963684716088289
0.12226068116340512
0.006835098937140405
-0.04123952239227821
0.1318258007135694
-0.10906609654461466
0.18207619481630385
-0.0024055306113291985
0.013258378570676618
0.16524398802582624
0.1458519075251497
-0.009692224818313305
0.08538575374151203
0.2018630280988426
0.17062108464920733
0.14242330974599282
-0.044014603479234554
0.2758009557909441
0.194042965731972
0.24098116869166572
0.2024918676405681
0.28650632495192524
0.2759016883661037
0.6042601892358269
0.32415536294559266
0.4338668071201387
0.22479484164339664
0.2584618646577974
0.2917663842089258
0.3088007035470639
0.31359395678240654
0.29201858013303955
0.4019686677077864
0.3005740123885011
0.3579696622583646
0.29755881471794876
0.3089781643727288
0.38054221349241146
0.47626736181437646
0.26562054609539476
0.31709447994516826
0.6417666492539245
0.5449263760987828
0.5287502115593273
0.489584607554883
0.4844459069191967
0.7337447664685361
0.590736347308322
0.556803806776585
0.5715876695263202
0.7092279067318675
0.5837318641881545
0.5013294148545336
0.49746685237687066
0.5743482636471744
0.5304163074923953
0.5691159892166351
0.6377598791605708
0.5521734761904171
0.6215853792371206
0.46622892491061346
0.5511090005726628
0.564040164429477
0.6468319670469204
0.6949852490090576
0.6904642418247494
0.4765288643768343
0.6476489608846445
0.8409515551849004
0.7522789299272037
0.6487436231797598
0.6762669300921266
0.7143472897488665
0.8507623926283759
0.8374628671580215
0.748868952709559
0.5240637277112783
0.8370588877378768
0.6639139858219069
0.6801114668446393
0.7550204589845567
0.682516239134979
0.715630168862909
0.8053198322293939
0.70508256507313
0.7839403847254155
0.6705229063483409
0.7894993702430543
0.7637004118016012
0.5592716217673763
0.8248903867419735
0.873683774896748
0.958798941543512
0.8275059128670014
0.8640836018440926
0.7606060693306358
0.896367733047493
0.7676933172986562
0.6434291024368479
0.8821151410793833
0.9258829509002571
0.806031037457663
0.8759204225049463
0.9339662926479683
0.9727962816562307
1.0533557071501196
0.7726325698150753
0.8947933797554134
0.8976924384549496
0.8944143756543723
0.891412067475883
0.8476796643111736
0.8587138996823908
0.9855875316724911
1.0575086658571522
1.0092591304283094
0.859081212460334
1.007494077667108
1.0025000033616647
1.0498669916063261
1.0530444914314427
1.0806758422024263
0.97049724825268
0.9237919999923031
0.9339766158978647
0.946125004762393
0.9312207756256453
1.0291439137551524
0.9321636714227574
0.8478141614424357
1.0299835987798633
1.0821234286507373
0.8543191730625139
0.9280351074058288
0.9973313154150764
0.9320930980037747
0.9283397095675268
1.0386872643427807
0.9849607232573859
1.039875499989141
1.0114294319760289
0.9511372269770745
0.9910059606936198
1.101215044726185
0.9475319491900216
1.1208783803847095
0.8252749270929254
1.0287626385360358
0.881449682316554
0.9562054894785889
0.9236832168352233
1.021336839252354
0.6936387634004635
0.9494915108756817
1.04530931577199
1.056822461844532
1.0035524923814754
1.12339560859323
1.028004969908493
0.9053399875720356
0.9484631090799668
0.8655208527855971
0.9383595127540046
1.0668537270733536
0.9160328412357674
1.070153623867891
0.9634174240281721
1.0115216001618144
1.0648340535707785
0.9974572289420521
1.0077411660014888
0.8099836046477368
1.0347723218565543
1.137288250663842
0.8987524687699514
1.0604516269666646
1.0591746887681237
1.0661084084885073
0.8596229366264372
1.0457558716243085
0.9862399671805907
1.012407236700428
1.0225180994394174
0.9483447256197803
0.9623703644719701
0.9396256020884577
0.9363198031083076
0.9255675670179132
0.921616054592662
0.9470749661357467
1.0426478563826325
0.9458306665186205
0.9579019231370257
0.9157004969664202
0.773788740157147
1.0199331172780703
0.909718487595861
0.9225783198072803
0.9362660221040164
0.9984759713456239
1.0721690219659936
0.7215305493850395
0.7784945254090154
1.0019132864386846
1.0630047673229859
0.7842222766104039
0.7112859131280729
0.6435897573425731
0.9478932392374071
0.9474366866069521
1.0020390411460296
0.9216344976509767
0.7604699146534059
0.8125210333169451
0.8557780925710332
0.7348236702915436
0.6599883476567271
0.7677922795255804
0.8485648288712211
0.6265267461173853
0.9458529693007234
0.8050689168384577
0.8988065401599188
0.8298794094661209
0.9228627354162864
0.7926850468052137
0.8509259138740539
0.6692138829667631
0.6869308777326056
0.5924883772093275
0.7359409403890407
0.6181056077093736
0.6805400389245918
0.7127354227879409
0.6575616229130264
0.6659126517099806
0.6834358842339857
0.8190611603789387
0.4705450500337981
0.6781371516985439
0.5499272889924357
0.6702324300547057
0.6677144853491754
0.6224474934100448
0.49937958611861355
0.6700783746288932
0.673418066419593
0.5665890141067432
0.4868700774917615
0.8585613551101587
0.7329579689125197
